model=no-rag
llm=local
n=1000
accuracy=0.267000
hallucination=0.143000
